# golds pos: 7716 neg: 34750
HEIGHT PERFORMANCE:
# xuids_missing (for plotting): set()
matrix_total:
 [[0.000e+00 0.000e+00 0.000e+00 0.000e+00 0.000e+00 0.000e+00 0.000e+00 0.000e+00 0.000e+00 0.000e+00 0.000e+00]
 [0.000e+00 1.780e+02 1.214e+03 1.174e+03 8.990e+02 6.940e+02 4.570e+02 2.360e+02 1.220e+02 6.200e+01 1.000e+01]
 [0.000e+00 0.000e+00 2.251e+03 4.412e+03 3.530e+03 2.666e+03 1.601e+03 7.860e+02 4.370e+02 1.900e+02 5.600e+01]
 [0.000e+00 0.000e+00 0.000e+00 2.142e+03 3.463e+03 2.582e+03 1.542e+03 8.220e+02 4.180e+02 2.010e+02 4.900e+01]
 [0.000e+00 0.000e+00 0.000e+00 0.000e+00 1.451e+03 2.182e+03 1.252e+03 6.310e+02 3.340e+02 1.700e+02 5.100e+01]
 [0.000e+00 0.000e+00 0.000e+00 0.000e+00 0.000e+00 8.870e+02 1.061e+03 4.930e+02 2.800e+02 1.400e+02 3.900e+01]
 [0.000e+00 0.000e+00 0.000e+00 0.000e+00 0.000e+00 0.000e+00 3.190e+02 3.410e+02 1.780e+02 9.600e+01 2.500e+01]
 [0.000e+00 0.000e+00 0.000e+00 0.000e+00 0.000e+00 0.000e+00 0.000e+00 9.200e+01 9.200e+01 5.500e+01 2.200e+01]
 [0.000e+00 0.000e+00 0.000e+00 0.000e+00 0.000e+00 0.000e+00 0.000e+00 0.000e+00 3.100e+01 3.300e+01 6.000e+00]
 [0.000e+00 0.000e+00 0.000e+00 0.000e+00 0.000e+00 0.000e+00 0.000e+00 0.000e+00 0.000e+00 7.000e+00 3.000e+00]
 [0.000e+00 0.000e+00 0.000e+00 0.000e+00 0.000e+00 0.000e+00 0.000e+00 0.000e+00 0.000e+00 0.000e+00 1.000e+00]]
matrix_f1
: [[ 0.      0.      0.      0.      0.      0.      0.      0.      0. 0.      0.    ]
 [ 0.      0.82    0.5154  0.4435  0.3053  0.4078  0.1429  0.087   0.3158 0.25   -1.    ]
 [ 0.      0.      0.7108  0.5234  0.4576  0.475   0.4368  0.3886  0.5487 0.6     0.6667]
 [ 0.      0.      0.      0.6254  0.5754  0.5005  0.5345  0.5482  0.6358 0.6562  0.7143]
 [ 0.      0.      0.      0.      0.6603  0.5345  0.6015  0.6486  0.6202 0.5283  0.6154]
 [ 0.      0.      0.      0.      0.      0.577   0.538   0.6111  0.6897 0.5581  0.5926]
 [ 0.      0.      0.      0.      0.      0.      0.6195  0.5534  0.6621 0.6512  0.4444]
 [ 0.      0.      0.      0.      0.      0.      0.      0.6757  0.7059 0.5789  0.7857]
 [ 0.      0.      0.      0.      0.      0.      0.      0.      0.7647 0.7895  0.8571]
 [ 0.      0.      0.      0.      0.      0.      0.      0.      0. 0.75    1.    ]
 [ 0.      0.      0.      0.      0.      0.      0.      0.      0. 0.      1.    ]]
DEPTH PERFORMANCE:
# xuids_missing (for plotting): set()
matrix_total:
 [[4.511e+03 7.113e+03 4.154e+03 3.225e+03 1.695e+03 9.340e+02 4.380e+02
  1.390e+02 6.000e+01 2.300e+01 1.100e+01]
 [0.000e+00 3.318e+03 3.970e+03 2.758e+03 1.335e+03 7.690e+02 2.780e+02
  1.030e+02 4.600e+01 3.400e+01 1.800e+01]
 [0.000e+00 0.000e+00 1.224e+03 1.729e+03 8.670e+02 4.940e+02 1.930e+02
  7.400e+01 3.400e+01 2.100e+01 1.400e+01]
 [0.000e+00 0.000e+00 0.000e+00 6.700e+02 7.000e+02 3.870e+02 1.670e+02
  7.100e+01 2.600e+01 1.400e+01 9.000e+00]
 [0.000e+00 0.000e+00 0.000e+00 0.000e+00 1.990e+02 2.290e+02 1.130e+02
  3.500e+01 1.500e+01 6.000e+00 3.000e+00]
 [0.000e+00 0.000e+00 0.000e+00 0.000e+00 0.000e+00 7.400e+01 8.100e+01
  2.800e+01 1.300e+01 4.000e+00 2.000e+00]
 [0.000e+00 0.000e+00 0.000e+00 0.000e+00 0.000e+00 0.000e+00 1.800e+01
  8.000e+00 3.000e+00 2.000e+00 2.000e+00]
 [0.000e+00 0.000e+00 0.000e+00 0.000e+00 0.000e+00 0.000e+00 0.000e+00
  1.000e+00 2.000e+00 1.000e+00 1.000e+00]
 [0.000e+00 0.000e+00 0.000e+00 0.000e+00 0.000e+00 0.000e+00 0.000e+00
  0.000e+00 0.000e+00 0.000e+00 0.000e+00]
 [0.000e+00 0.000e+00 0.000e+00 0.000e+00 0.000e+00 0.000e+00 0.000e+00
  0.000e+00 0.000e+00 0.000e+00 0.000e+00]
 [0.000e+00 0.000e+00 0.000e+00 0.000e+00 0.000e+00 0.000e+00 0.000e+00
  0.000e+00 0.000e+00 0.000e+00 0.000e+00]]
matrix_f1
: [[ 0.6762  0.5348  0.5162  0.4471  0.3475  0.3926  0.3556 -1.     -1.
  -1.     -1.    ]
 [ 0.      0.5766  0.5535  0.5442  0.5215  0.39    0.3333  0.4     0.2857
   1.     -1.    ]
 [ 0.      0.      0.614   0.5468  0.3715  0.4304  0.2667 -1.     -1.
   0.8889  0.5   ]
 [ 0.      0.      0.      0.7466  0.5616  0.44    0.4     0.4    -1.
   1.     -1.    ]
 [ 0.      0.      0.      0.      0.7593  0.411   0.6     0.75   -1.
   1.     -1.    ]
 [ 0.      0.      0.      0.      0.      0.6667  0.6429  0.9231  0.5714
   1.     -1.    ]
 [ 0.      0.      0.      0.      0.      0.      1.      0.8    -1.
  -1.      1.    ]
 [ 0.      0.      0.      0.      0.      0.      0.     -1.      0.6667
  -1.     -1.    ]
 [ 0.      0.      0.      0.      0.      0.      0.      0.      0.
   0.      0.    ]
 [ 0.      0.      0.      0.      0.      0.      0.      0.      0.
   0.      0.    ]
 [ 0.      0.      0.      0.      0.      0.      0.      0.      0.
   0.      0.    ]]
